image_width: 640
image_height: 480
camera_name: left
camera_matrix:
  rows: 3
  cols: 3
  data: [735.5320608141971, 0, 266.171533631906, 0, 733.0761414789971, 272.6764572604405, 0, 0, 1]
distortion_model: plumb_bob
distortion_coefficients:
  rows: 1
  cols: 5
  data: [0.006719607359786417, -0.1263206406995585, 0.004537926577375363, -0.001523875007495308, 0]
rectification_matrix:
  rows: 3
  cols: 3
  data: [0.9976742788872454, -0.003833754423988364, -0.06805391666782701, 0.004003130500270178, 0.9999892199273359, 0.002352652825155822, 0.06804416354848369, -0.002619609920285218, 0.9976788709052893]
projection_matrix:
  rows: 3
  cols: 4
  data: [801.6015726680398, 0, 318.6085472106934, 0, 0, 801.6015726680398, 257.9874858856201, 0, 0, 0, 1, 0]