image_width: 640
image_height: 480
camera_name: right
camera_matrix:
  rows: 3
  cols: 3
  data: [746.6434162584546, 0, 289.4029583698147, 0, 743.5709481714663, 239.2315873715936, 0, 0, 1]
distortion_model: plumb_bob
distortion_coefficients:
  rows: 1
  cols: 5
  data: [-0.0006042603687262869, 0.1770536677696135, 0.003886615575329016, -0.002224146993511896, 0]
rectification_matrix:
  rows: 3
  cols: 3
  data: [0.9995656322158325, 0.009559008179944683, -0.02787780937553758, -0.009628334359004722, 0.9999508766404389, -0.002353610734304866, 0.02785394173962222, 0.002621005271489667, 0.9996085675207734]
projection_matrix:
  rows: 3
  cols: 4
  data: [801.6015726680398, 0, 318.6085472106934, -168.833834136713, 0, 801.6015726680398, 257.9874858856201, 0, 0, 0, 1, 0]